0.15528 0.1672 0.1358
0.15576 0.1672 0.1267
0.15506 0.1672 0.1338
0.16406 0.1674 0.1547
0.15686000000000003 0.1674 0.1359
0.15936 0.1674 0.1416
0.15722 0.1674 0.1394
0.15762 0.1674 0.1333
0.15598 0.1674 0.1354
0.15546000000000001 0.1674 0.1368
0.15966 0.1674 0.1487
0.16086 0.1674 0.1491
0.1572 0.1674 0.1288
0.157 0.1674 0.136
0.15462 0.1674 0.1211
0.15596000000000002 0.1674 0.1367
0.1574 0.1674 0.1384
0.15552000000000002 0.1674 0.1219
0.15416000000000002 0.1674 0.1319
0.1567 0.1674 0.1279
0.15718000000000001 0.1674 0.1289
0.15668 0.1674 0.1254
0.1038 0.1138 0.0919
0.10398 0.1138 0.0934
0.10507999999999999 0.1138 0.0962
0.10373999999999999 0.1138 0.0923
0.10686 0.1138 0.0964
0.10364 0.1138 0.0915
0.10500000000000001 0.1138 0.0955
0.10702 0.1138 0.0954
0.10422000000000001 0.1138 0.0929
0.10884 0.1148 0.0963
0.10938 0.1161 0.0909
0.10968 0.1161 0.0994
0.11446 0.1281 0.0995
0.12245999999999999 0.1433 0.11
0.11856 0.1433 0.0728
0.12327999999999999 0.1433 0.0753
0.12835999999999997 0.1483 0.0805
0.126 0.1483 0.0613
0.1278 0.1483 0.0652
0.1286 0.1483 0.0989
0.12022 0.1483 0.0681
0.11971999999999998 0.1483 0.0678
0.12877999999999998 0.1483 0.0711
0.11955999999999997 0.1483 0.066
0.12732 0.1483 0.0907
0.12624 0.1483 0.0661
0.12267999999999998 0.1483 0.0653
0.12835999999999997 0.1483 0.067
0.11955999999999997 0.1483 0.066
0.13674 0.1483 0.1091
0.12521999999999997 0.1483 0.068
0.11983999999999999 0.1483 0.0679
0.10809166666666666 0.1476 0.0757
0.11662142857142856 0.1476 0.0843
0.11599411764705882 0.1476 0.0759
0.11481904761904763 0.1476 0.0742
0.110144 0.1547 0.0495
0.108125 0.1316 0.0904
0.109221428571 0.1317 0.0874
0.110323529412 0.1317 0.0782
0.109757142857 0.1445 0.0685
0.108656 0.1445 0.0846
0.114548275862 0.1893 0.0734
0.117529411765 0.1893 0.0892
0.118826829268 0.1893 0.089
0.119663265306 0.1893 0.074
0.125734482759 0.1893 0.0795
0.131314492754 0.1893 0.0927
0.132140243902 0.1893 0.0905
0.135251020408 0.1893 0.0948
0.108141666667 0.1414 0.089
0.112064285714 0.1414 0.0857
0.107547058824 0.1414 0.0793
0.11380952381 0.1511 0.0675
0.1159 0.1511 0.0626
0.120427586207 0.1776 0.0688
0.131923529412 0.1795 0.0676
0.14152195122 0.1796 0.097
0.117633333333 0.1464 0.0834
0.11385 0.1464 0.0464
0.111235294118 0.1464 0.0472
0.112776190476 0.1464 0.074
0.114688 0.1464 0.0858
0.120175862069 0.1509 0.0741
0.121779411765 0.1509 0.0647
0.123368292683 0.1509 0.0685
0.125436734694 0.1509 0.0715
0.093845 0.1493 0.0649
0.109975 0.1493 0.0585
0.118075 0.1493 0.0752
0.1223 0.1493 0.076
0.12214 0.1493 0.0477
0.12497 0.1493 0.05
0.121825 0.1493 0.0493
0.124935 0.1493 0.0525
0.128115 0.1493 0.0676
0.13083 0.1493 0.0504
0.123405 0.1493 0.0477
0.12614 0.1493 0.0485
0.12197 0.1493 0.0497
0.13614 0.1493 0.112
0.131405 0.1493 0.0941
0.128155 0.1493 0.0459
0.120805 0.1511 0.0442
0.12994 0.1511 0.0507
0.132815 0.1511 0.0997
0.1284 0.1511 0.0496
0.13163 0.1511 0.0921
0.103265 0.1433 0.0592
0.108345 0.1435 0.0795
0.122825 0.1503 0.0861
0.131035 0.1595 0.0919
0.122695 0.1595 0.0877
0.12838 0.1595 0.0862
0.12359 0.1595 0.0697
0.119615 0.1595 0.0614
0.12802 0.1595 0.0582
0.12874 0.1595 0.0752
0.12018 0.1595 0.059
0.125555 0.1595 0.0565
0.120185 0.1595 0.0648
0.13081 0.1595 0.0752
0.13295 0.1595 0.0701
0.11821 0.1595 0.0641
0.12761 0.1595 0.0681
0.123165 0.1595 0.0684
0.1317 0.1595 0.0718
0.122475 0.1595 0.0636
0.115945 0.1595 0.0603
0.12604 0.1595 0.0563
0.10432 0.1261 0.0878
0.107065 0.1291 0.0742
0.106 0.1291 0.0621
0.108655 0.1291 0.0719
0.107965 0.1291 0.0665
0.10382 0.158 0.0624
0.108195 0.158 0.0607
0.10851 0.158 0.0591
0.110955 0.158 0.0585
0.116745 0.158 0.0748
0.12013 0.158 0.0852
0.11353 0.158 0.0506
0.114125 0.158 0.0813
0.11406 0.158 0.0552
0.11467 0.158 0.0575
0.112735 0.158 0.0709
0.113835 0.158 0.0577
0.10919 0.158 0.0532
0.09499 0.1222 0.0595
0.092765 0.1222 0.0412
0.0978 0.1292 0.0439
0.10276 0.1292 0.0566
0.107925 0.1292 0.0864
0.1078 0.1292 0.0847
0.107385 0.1292 0.0384
0.108875 0.1292 0.0514
0.107455 0.1292 0.0489
0.101875 0.1292 0.052
0.10448 0.1292 0.0454
0.10475 0.1292 0.0514
0.11019 0.1292 0.0759
0.10596 0.1292 0.0733
0.104885 0.1292 0.0444
0.112445 0.1302 0.0518
0.107675 0.1302 0.0604
0.104165 0.1302 0.0487
0.107895 0.1302 0.0461
0.10571 0.1302 0.0486
0.10696 0.1387 0.0463
0.110185 0.1387 0.044
0.11187 0.1387 0.0849
0.112175 0.1387 0.0742
0.11185 0.1387 0.0844
0.112085 0.1387 0.085
0.11348 0.1387 0.0887
0.10886 0.1387 0.0731
0.11106 0.1387 0.074
0.11277 0.1387 0.0927
0.114345 0.1387 0.0836
0.112115 0.1387 0.0888
0.110945 0.1387 0.0782
0.109675 0.1387 0.0745
0.11265 0.1387 0.0906
0.111505 0.1387 0.0887
0.11175 0.1387 0.0834
0.109575 0.1387 0.0812
0.113805 0.1387 0.0846
0.112125 0.1387 0.0844
0.113355 0.1387 0.0841
